workload,trial,study,accumulated_eval_time,accumulated_logging_time,accumulated_submission_time,global_step,preemption_count,score,test/loss,test/num_examples,total_duration,train/loss,validation/loss,validation/num_examples
criteo1tb_pytorch,"('trial_3', '/ptmp/najroldi/exp/algoperf/nadamw_1')",study_1,"[ 78.70354199 157.53522062 236.79656649 316.85665584 395.94204402
 474.73354483 553.90972281]","[ 0.          6.53727698 13.42874599 20.3094523  27.29780126 34.11842489
 40.83450913]","[2.91834521e+00 1.19525425e+03 2.38753188e+03 3.57953928e+03
 4.77139769e+03 5.96337486e+03 7.15578035e+03]",[    1  2525  5044  7574 10092 12632 15174],[0 0 0 0 0 0 0],"[2.91834521e+00 1.19525425e+03 2.38753188e+03 3.57953928e+03
 4.77139769e+03 5.96337486e+03 7.15578035e+03]","[0.30056107 0.12920061 0.12807696 0.12734485 0.12726618 0.12724084
 0.12742601]",[95000000 95000000 95000000 95000000 95000000 95000000 95000000],"[  81.83276629 1360.90478873 2640.64388728 3921.01640129 5200.30525637
 6479.33847809 7759.0479722 ]","[0.29983967 0.12676282 0.12443411 0.12383928 0.1252918  0.1242898
 0.12344481]","[0.29989072 0.12658792 0.12590082 0.12501567 0.12490405 0.12490022
 0.12510359]",[83274637 83274637 83274637 83274637 83274637 83274637 83274637]
criteo1tb_pytorch,"('trial_5', '/ptmp/najroldi/exp/algoperf/nadamw_1')",study_1,"[ 78.93819618 157.95745015 236.70781446 315.00606346 393.36390829
 471.71107197 549.99689531]","[ 0.          6.71445251 13.93284345 20.853122   27.7005291  34.31932116
 41.09376478]","[2.80983424e+00 1.19533709e+03 2.38743226e+03 3.57992640e+03
 4.77231715e+03 5.96474431e+03 7.15711251e+03]",[    1  2311  4507  6764  8989 11217 13461],[0 0 0 0 0 0 0],"[2.80983424e+00 1.19533709e+03 2.38743226e+03 3.57992640e+03
 4.77231715e+03 5.96474431e+03 7.15711251e+03]","[0.30056107 0.12969332 0.12931044 0.12826592 0.12815843 0.12820111
 0.12822301]",[95000000 95000000 95000000 95000000 95000000 95000000 95000000],"[  81.93293571 1361.40167999 2640.65877771 3919.53567433 5198.25522542
 6476.84571314 7755.60484672]","[0.29960469 0.12752265 0.1280237  0.12397454 0.12462406 0.12474134
 0.12500658]","[0.29989072 0.12713087 0.12680754 0.12575115 0.12652512 0.12642316
 0.12560902]",[83274637 83274637 83274637 83274637 83274637 83274637 83274637]
criteo1tb_pytorch,"('trial_4', '/ptmp/najroldi/exp/algoperf/nadamw_1')",study_1,"[ 79.25229907 158.22085929 236.51428223 315.28165293 393.42539334
 473.11777139 551.81516719]","[ 0.          7.1715312  13.99657226 28.47818208 40.39039993 52.16997051
 59.03407359]","[2.81511045e+00 1.19487514e+03 2.38719287e+03 3.57439664e+03
 4.76220581e+03 5.94956267e+03 7.14166968e+03]",[    1  2526  5028  6699  7709 10201 12694],[0 0 0 0 0 0 0],"[2.81511045e+00 1.19487514e+03 2.38719287e+03 3.57439664e+03
 4.76220581e+03 5.94956267e+03 7.14166968e+03]","[0.30056107 0.12800853 0.12726225 0.12688324 0.12687716 0.12656984
 0.12662137]",[95000000 95000000 95000000 95000000 95000000 95000000 95000000],"[  82.27597642 1361.8435328  2640.62370372 3922.19881964 5200.85587096
 6481.03511715 7760.15191293]","[0.29772486 0.12553068 0.121994   0.12254373 0.1228392  0.12350221
 0.123374  ]","[0.29989072 0.12568227 0.12491945 0.12458778 0.12450716 0.124246
 0.12427715]",[83274637 83274637 83274637 83274637 83274637 83274637 83274637]
criteo1tb_pytorch,"('trial_2', '/ptmp/najroldi/exp/algoperf/nadamw_1')",study_1,"[ 442.75112748  847.49568868 1190.19772148 1346.33678532 1424.64356065
 1503.85420799 1583.20417285]","[ 0.          6.2753377  12.606704   18.78533363 26.20162344 33.0628202
 40.78702664]","[2.84585786e+00 1.19560831e+03 2.38838443e+03 3.58102290e+03
 4.77252821e+03 5.96488817e+03 7.15625034e+03]",[    1  2531  5090  7626 10031 12524 14991],[0 0 0 0 0 0 0],"[2.84585786e+00 1.19560831e+03 2.38838443e+03 3.58102290e+03
 4.77252821e+03 5.96488817e+03 7.15625034e+03]","[0.30056107 0.12798264 0.12702856 0.12672247 0.1264247  0.12648654
 0.12658612]",[95000000 95000000 95000000 95000000 95000000 95000000 95000000],"[ 445.80990577 2051.09477568 3594.44885588 4950.97706914 6229.78654814
 7509.67892289 8789.73223567]","[0.29871005 0.12518675 0.12414483 0.12467886 0.12081139 0.12319521
 0.12149357]","[0.29989072 0.12553604 0.12471237 0.12438046 0.12410198 0.12415889
 0.12430096]",[83274637 83274637 83274637 83274637 83274637 83274637 83274637]
criteo1tb_pytorch,"('trial_1', '/ptmp/najroldi/exp/algoperf/nadamw_1')",study_1,"[ 480.45479059  954.57565451 1428.02624202 1895.37134433 2367.72309375
 2833.32038713 3288.67307782]","[ 0.          7.44103885 14.20895243 20.56734586 27.32345867 33.67473555
 41.08386135]","[   9.65257478 1201.21334076 2393.33583879 3586.16454816 4778.57285714
 5971.23418546 7163.06677198]",[    1  2547  5115  7701 10261 12836 15406],[0 0 0 0 0 0 0],"[   9.65257478 1201.21334076 2393.33583879 3586.16454816 4778.57285714
 5971.23418546 7163.06677198]","[0.30056107 0.12896941 0.12803266 0.12741635 0.12715455 0.12716843
 0.12739357]",[95000000 95000000 95000000 95000000 95000000 95000000 95000000],"[  490.31978679  2164.94016528  3838.63631749  5506.58044696
  7179.46499515  8845.53630447 10501.54889274]","[0.29870358 0.12431248 0.12639857 0.12425874 0.12532785 0.12267594
 0.12303024]","[0.29989072 0.12658274 0.12611548 0.12502653 0.12483551 0.12484429
 0.12510097]",[83274637 83274637 83274637 83274637 83274637 83274637 83274637]
